,pk,fields.title,fields.musical,fields.produce
0,1,制作出品,1,1
1,2,制作出品,1,2
2,3,出品,81,55
3,4,出品制作,2,3
4,5,2011出品,93,61
5,6,2018出品,93,63
6,7,2019出品,93,62
7,8,2019制作,93,63
8,9,出品制作,96,61
9,10,出品制作,106,4
10,11,出品制作,98,6
11,12,出品制作,100,6
12,13,出品制作,101,6
13,14,出品制作,3,4
14,15,出品制作,4,5
15,16,出品制作,5,6
16,17,出品制作,6,4
17,18,出品/制作团队,7,7
18,19,出品制作,8,297
19,20,制作&出品,9,8
20,21,联合出品,10,9
21,22,出品制作,11,8
22,23,出品&制作,12,10
23,24,出品&制作,12,11
24,25,制作出品,13,1
25,26,联合出品,14,9
26,27,出品制作,15,8
27,28,出品/制作,16,8
28,29,出品制作,17,12
29,30,制作出品,18,5
30,31,制作出品,19,13
31,32,出品制作,20,14
32,33,出品,21,15
33,34,出品&制作,22,7
34,35,出品,23,16
35,36,制作出品,24,5
36,37,制作,25,17
37,38,出品公司,26,222
38,39,荣誉出品,27,19
39,40,出品&制作,28,20
40,41,出品制作,29,21
41,42,出品方,30,22
42,43,联合出品,31,23
43,44,联合出品,31,24
44,45,出品/制作方,32,9
45,46,出品制作,33,25
46,47,出品&制作,34,26
47,48,出品公司,35,237
48,49,出品,36,28
49,50,制作出品,37,5
50,51,出品制作,38,29
51,52,出品,39,89
52,53,制作/出品,40,12
53,54,出品制作,41,31
54,55,制作单位,42,6
55,56,出品,43,32
56,57,出品/制作,44,33
57,58,制作出品,45,35
58,59,制作出品,45,34
59,60,出品,46,36
60,61,出品,47,37
61,62,出品/制作,48,12
62,63,出品&制作,49,10
63,64,出品&制作,49,11
64,65,出品,50,38
65,66,出品,51,241
66,67,出品制作,52,5
67,68,制作出品,53,40
68,69,出品,54,235
69,70,出品,55,28
70,71,出品/制作方,56,9
71,72,监制/版权合作,56,42
72,73,出品/制作,57,26
73,74,出品制作,58,43
74,75,出品/制作,59,26
75,76,出品单位,60,44
76,77,出品单位,60,220
77,78,出品,61,45
78,79,出品,62,46
79,80,出品／制作,63,47
80,81,出品,64,140
81,82,出品,65,15
82,83,创制单位,66,48
83,84,出品,67,49
84,85,出品制作,68,50
85,86,主办单位,69,51
86,87,制作/出品,70,52
87,88,出品制作,71,15
88,89,出品单位,72,138
89,90,出品单位,73,30
90,91,联合出品,74,9
91,92,出品,75,9
92,93,出品/制作,76,26
93,94,制作,77,41
94,96,出品,79,53
95,97,主办单位,80,272
96,99,2020版出品制作,83,26
97,100,出品制作,84,221
98,101,出品,85,57
99,102,出品,86,57
100,103,出品制作,87,222
101,104,联合出品,88,58
102,105,出品制作,89,49
103,106,出品/制作方,90,9
104,107,出品/制作方,90,49
105,108,出品单位,91,47
106,109,出品单位,92,59
107,110,出品单位,92,60
108,111,出品,94,63
109,112,出品制作,95,4
110,113,出品制作,97,26
111,114,出品/制作方,99,9
112,115,出品/制作,102,12
113,116,制作/出品,103,12
114,117,出品单位,104,126
115,118,出品单位,104,127
116,119,出品方,105,4
117,120,出品制作,107,9
118,121,出品制作,108,9
119,122,出品制作,109,9
120,123,出品制作,110,9
121,124,出品制作,110,16
122,125,出品制作,111,12
123,126,制作/出品,112,12
124,127,出品单位,113,157
125,128,出品单位,114,65
126,129,出品单位,114,66
127,130,总制作,114,67
128,131,联合制作,114,68
129,132,联合制作,114,70
130,133,联合制作,114,69
131,134,联合出品,114,71
132,135,出品,115,72
133,136,出品制作,116,25
134,137,制作方,117,45
135,138,制作方,117,13
136,139,制作及出品,118,28
137,140,制作及出品,118,73
138,141,出品&制作,119,73
139,142,制作出品,120,5
140,143,联合制作出品,121,5
141,144,联合制作出品,121,74
142,145,present（2017）,122,75
143,146,present（2017）,122,76
144,147,出品（2020）,122,73
145,148,出品（2020）,122,28
146,149,出品（2020）,122,76
147,150,出品制作,123,26
148,151,出品/制作,124,26
149,154,出品制作,127,83
150,155,制作方,128,13
151,156,出品,129,77
152,157,制作,129,78
153,158,出品制作,130,79
154,159,联合出品,130,80
155,160,出品,131,80
156,161,出品,131,81
157,162,联合出品,132,77
158,163,联合出品,132,82
159,164,联合出品,132,81
160,165,联合制作,132,78
161,166,联合制作,132,83
162,167,出品&制作,133,79
163,168,联合出品,133,266
164,169,出品方&制作方,134,79
165,170,联合出品,134,85
166,171,出品方,135,86
167,172,联合出品,135,10
168,173,联合出品,135,87
169,174,出品,136,77
170,175,制作,136,78
171,176,制作,136,88
172,177,出品制作,137,77
173,178,出品制作,137,78
174,179,出品制作,137,79
175,180,出品,39,30
176,181,出品,39,90
177,182,出品,39,91
178,183,全国巡演运营总代理,39,90
179,184,出品方,138,77
180,185,制作方,138,78
181,186,主办方/制作方,139,77
182,187,主办方/制作方,139,78
183,188,主办/制作,140,77
184,189,主办/制作,140,78
185,190,出品,141,38
186,191,演出,141,92
187,192,出品,64,141
188,193,出品方,142,93
189,194,出品制作,143,61
190,195,出品制作,144,77
191,196,出品制作,144,78
192,197,联合出品,145,94
193,198,联合出品,145,95
194,200,主办单位,147,96
195,201,承制单位,147,97
196,202,出品单位,148,96
197,203,出品单位,148,98
198,204,出品单位,148,99
199,205,承制单位,148,97
200,206,制作/出品,149,100
201,207,出品&制作,150,50
202,208,出品制作,151,8
203,209,制作出品,152,70
204,210,制作出品,153,101
205,211,授权,154,102
206,212,制作出品,154,103
207,213,主办,154,104
208,214,出品制作,155,397
209,215,出品制作,155,398
210,216,出品制作,155,212
211,217,出品制作,155,399
212,218,出品（2015）,156,107
213,219,出品（2015）,156,109
214,220,出品（2015）,156,108
215,221,出品（2016）,156,107
216,222,出品（2016）,156,110
217,223,出品（2016）,156,108
218,224,出品制作,157,5
219,225,出品,158,111
220,226,出品,158,45
221,227,出品制作,159,112
222,228,出品,160,134
223,229,出品制作,161,114
224,230,出品制作,162,114
225,231,出品制作,163,115
226,232,出品制作,164,116
227,233,出品制作,165,120
228,234,出品制作,165,117
229,235,出品制作,166,118
230,236,出品制作,166,119
231,237,出品制作,167,121
232,238,出品,168,18
233,239,出品制作,169,122
234,240,出品制作,169,9
235,241,出品,170,123
236,242,出品单位,171,409
237,243,出品制作,172,124
238,244,联合出品,172,125
239,245,联合出品,172,106
240,246,出品,173,126
241,247,出品,173,127
242,248,出品,173,128
243,249,出品,173,90
244,250,创作排演,173,129
245,251,创作排演,173,130
246,252,联合出品,174,126
247,253,联合出品,174,127
248,254,联合出品,174,128
249,255,联合出品,174,90
250,256,联合制作,174,131
251,257,联合制作,174,132
252,258,联合制作,174,129
253,259,联合制作,174,133
254,260,出品,160,135
255,261,出品,160,136
256,262,承办,160,137
257,263,承办,160,113
258,264,出品单位,72,30
259,265,出品单位,72,139
260,266,出品,64,142
261,267,制作单位,64,38
262,268,演出单位,64,92
263,269,联合出品,64,143
264,270,出品,85,144
265,271,出品,85,145
266,272,演出,85,57
267,273,制作出品单位,175,146
268,274,制作出品单位,175,5
269,275,联合出品单位,175,30
270,276,联合出品单位,175,38
271,277,制作,176,148
272,278,制作,176,147
273,279,出品方,177,221
274,280,联合出品,178,149
275,281,出品,178,65
276,282,出品,178,150
277,283,主办,178,67
278,284,制作,178,151
279,285,制作,178,332
280,286,出品,179,15
281,287,出品,179,153
282,288,出品制作,180,154
283,289,出品制作,181,154
284,290,出品,182,155
285,291,制作,182,154
286,292,出品制作,183,156
287,293,出品,184,157
288,294,出品,184,158
289,295,出品,184,159
290,296,出品单位,185,160
291,297,出品单位,185,80
292,298,出品单位,185,161
293,299,制作公司,185,80
294,300,出品,186,162
295,301,联合出品,186,163
296,302,出品制作,187,164
297,303,出品单位,188,165
298,304,出品单位,188,166
299,305,联合出品,188,167
300,306,联合出品,188,168
301,307,主办单位,188,169
302,308,主办单位,188,170
303,309,承办单位,188,171
304,310,出品制作,183,172
305,311,出品,189,173
306,312,出品/制作单位,190,146
307,313,联合出品,190,174
308,314,联合出品,190,175
309,315,出品制作,191,115
310,316,出品制作,192,154
311,317,出品制作,193,115
312,318,出品,194,176
313,319,出品,194,177
314,320,联合出品,194,178
315,321,联合出品,194,179
316,322,联合出品,194,180
317,323,出品制作,195,181
318,324,出品制作,196,18
319,325,出品,197,182
320,326,出品,197,183
321,327,联合制作,197,184
322,328,联合制作,197,185
323,329,联合制作,197,186
324,330,联合制作,197,187
325,331,联合制作,197,183
326,332,制作,197,56
327,333,制作,197,188
328,334,制作,197,133
329,335,出品公司,198,189
330,336,出品单位,73,190
331,337,出品单位,73,191
332,338,演出单位,73,30
333,339,演出单位,73,192
334,340,联合出品,63,90
335,341,联合出品,63,193
336,342,联合出品,63,194
337,343,联合出品,63,28
338,344,制作,61,13
339,345,运营,61,45
340,346,运营,61,195
341,347,出品单位,199,196
342,348,制作单位,199,196
343,349,制作单位,199,197
344,350,制作单位,199,198
345,351,制作单位,199,199
346,352,支持单位,199,200
347,353,出品,62,201
348,354,出品,62,90
349,355,出品制作,200,222
350,356,出品,201,202
351,357,出品,201,203
352,358,出品,65,153
353,359,联合出品,65,106
354,360,制作,65,15
355,361,出品,202,128
356,362,出品,202,90
357,363,联合出品,56,28
358,364,联合出品,56,106
359,365,联合出品,56,204
360,366,联合出品,56,205
361,367,联合出品,56,206
362,368,出品制作,203,18
363,369,出品,75,106
364,370,联合出品,72,207
365,371,联合出品,72,208
366,372,联合出品/巡演独家运营,72,209
367,373,制作单位,72,210
368,374,首演单位,72,30
369,375,出品,204,107
370,376,出品,204,9
371,377,出品,204,106
372,378,出品,204,211
373,379,联合制作,41,212
374,380,出品单位,104,128
375,381,出品单位,104,90
376,382,制作单位,104,128
377,383,制作单位,104,132
378,384,制作单位,104,129
379,385,制作单位,104,133
380,386,创作团队,104,213
381,387,演出单位,104,214
382,388,联合出品,59,106
383,389,联合出品,22,90
384,390,联合出品,22,28
385,391,联合出品,22,215
386,392,出品单位,66,216
387,393,出品单位,66,217
388,394,联合出品,67,106
389,395,联合出品,67,16
390,396,联合出品,67,218
391,397,联合出品,67,219
392,398,出品单位,205,223
393,399,制作单位,205,157
394,400,制作单位,205,223
395,401,出品/制作,206,8
396,402,联合出品,44,28
397,403,联合出品,44,13
398,404,联合出品,44,224
399,405,联合出品,44,225
400,406,出品制作,44,226
401,407,联合出品,68,227
402,408,联合出品,68,106
403,409,联合主办,60,90
404,410,主办单位,69,228
405,411,演出单位,69,229
406,412,2022联合制作,41,230
407,413,出品单位,207,257
408,414,制作单位,207,231
409,415,出品/制作,208,258
410,416,出品/制作,209,232
411,417,出品/制作,209,106
412,418,出品方,30,233
413,419,出品方,30,234
414,420,制作方,30,22
415,421,联合出品,74,106
416,422,联合出品,14,106
417,423,联合出品,10,106
418,424,出品,54,106
419,425,制作,54,41
420,426,出品,40,106
421,427,联合出品,40,236
422,428,出品&制作,210,237
423,429,联合出品,70,27
424,430,联合出品,70,106
425,431,联合出品,177,238
426,432,出品,23,239
427,433,联合出品,23,240
428,434,出品,51,39
429,435,联合出品,51,106
430,436,联合出品,51,242
431,437,制作,51,39
432,438,出品,211,243
433,439,制作,46,244
434,440,荣誉出品,27,245
435,441,联合出品,27,246
436,442,联合出品,27,247
437,443,全程运营,27,248
438,444,联合出品,39,249
439,445,联合出品,39,250
440,446,联合出品,39,251
441,447,联合出品/运营,39,77
442,448,演出单位,39,30
443,449,演出单位,39,250
444,450,制作出品,212,414
445,451,协同制作,212,79
446,453,联合出品,116,40
447,454,联合出品,116,106
448,455,版权管理,116,74
449,456,联合出品,32,106
450,457,联合出品,32,252
451,458,联合出品,32,204
452,459,出品制作,32,206
453,460,联合出品,29,253
454,461,联合出品,29,254
455,462,联合出品,29,255
456,463,制作单位,29,21
457,464,制作单位,29,56
458,465,演出单位,29,21
459,466,出品方,213,256
460,467,出品制作,214,6
461,468,联合出品,57,106
462,469,出品/制作,208,154
463,470,荣誉出品,208,259
464,471,联合出品,47,260
465,472,联合出品,47,261
466,473,联合出品,48,106
467,474,联合出品,48,8
468,475,联合出品,48,25
469,476,联合制作,128,45
470,477,制作,55,262
471,478,联合出品,55,244
472,479,联合出品,50,5
473,480,制作,50,92
474,481,联合出品,45,263
475,482,联合出品,45,247
476,483,出品制作,215,8
477,484,联合出品,215,106
478,485,出品,21,153
479,486,制作,21,15
480,487,出品,216,143
481,488,联合出品,216,264
482,489,音乐制作,216,265
483,490,出品单位,91,194
484,491,制作单位,91,47
485,492,联合出品,133,84
486,493,出品制作,217,267
487,494,全国巡演独家总代理,18,268
488,495,巡演运营,18,80
489,496,出品,218,269
490,497,出品,218,270
491,498,创排,218,271
492,499,主办单位,80,273
493,500,创演单位,80,274
494,501,创演单位,80,275
495,502,创演单位,80,276
496,503,创演单位,80,277
497,504,创演单位,80,54
498,505,联合制作出品,19,45
499,506,联合制作出品,19,278
500,507,联合制作出品,19,28
501,508,出品单位,219,279
502,509,首轮出品单位,219,280
503,510,首轮协办单位,219,281
504,511,出品单位,219,282
505,512,出品单位,219,283
506,513,演出单位,219,279
507,514,出品/制作,220,26
508,515,出品制作,221,18
509,516,联合出品,103,106
510,517,制作出品,222,1
511,518,出品方&制作方,223,284
512,519,联合出品,16,106
513,520,联合出品,33,106
514,521,出品制作,224,30
515,522,出品制作,224,143
516,523,出品制作,224,56
517,524,出品制作,224,285
518,525,出品制作,224,286
519,526,联合出品,88,90
520,527,出品｜制作,225,287
521,528,协作,225,288
522,529,协作,225,289
523,530,宣传,225,290
524,531,联合出品,38,291
525,532,联合出品,38,90
526,533,联合出品,38,292
527,534,出品,79,106
528,535,联合出品,79,293
529,536,联合出品,79,294
530,537,联合出品,79,295
531,540,出品制作,226,298
532,541,联合出品,76,299
533,542,联合出品,76,106
534,543,出品制作,227,46
535,544,出品制作,227,90
536,545,出品制作,228,300
537,546,出品/制作,124,301
538,547,联合出品,124,302
539,548,联合出品,124,106
540,549,联合出品,124,16
541,550,制作,36,262
542,551,主办单位,229,303
543,552,主办单位,229,304
544,553,主办单位,229,305
545,554,主办单位,229,306
546,555,承办单位,229,307
547,556,演出单位,229,308
548,557,运营单位,229,309
549,558,联合出品,150,106
550,559,出品,230,310
551,560,制作/演出,230,311
552,561,制作/演出,230,312
553,562,制作/演出,230,313
554,563,出品单位,42,314
555,564,联合制作,231,68
556,565,联合制作,231,267
557,566,出品单位,232,126
558,567,出品单位,232,127
559,568,出品单位,232,90
560,569,制作公司,232,315
561,570,制作公司,232,133
562,571,创作团队,232,213
563,572,出品方,233,4
564,573,出品方,233,133
565,574,出品/联合出品,234,115
566,575,出品/联合出品,234,316
567,576,出品/联合出品,234,317
568,577,出品/制作,235,154
569,578,出品,112,8
570,579,出品,112,106
571,580,出品单位,73,318
572,581,联合出品,73,143
573,582,出品/制作,236,319
574,583,联合出品,237,320
575,584,联合出品,237,321
576,585,联合出品,237,322
577,586,联合出品,237,323
578,587,出品,238,324
579,588,联合出品,149,106
580,589,出品制作,239,325
581,590,出品,240,326
582,591,出品,240,37
583,592,主办,241,327
584,593,出品单位,242,328
585,594,出品单位,242,329
586,595,创作演出,243,330
587,596,出品,86,331
588,597,出品单位,244,332
589,598,出品单位,244,333
590,599,演出单位,244,332
591,600,创排出品,245,332
592,601,出品制作,246,334
593,602,出品制作,246,335
594,603,出品,247,45
595,604,出品,248,18
596,605,出品制作,249,152
597,606,出品制作,250,70
598,607,制作 | 演出单位,242,336
599,608,制作 | 演出单位,242,337
600,609,出品,251,338
601,610,联合出品,251,339
602,611,出品/制作方,253,9
603,612,出品,254,340
604,613,出品,254,341
605,614,出品,254,342
606,615,出品,254,343
607,616,出品,254,344
608,617,出品,254,345
609,618,联合出品,254,159
610,619,联合出品,254,90
611,620,演出,254,346
612,621,出品 | 制作,255,26
613,623,联合出品,255,347
614,624,联合出品,255,106
615,625,联合出品,34,348
616,626,联合出品,34,106
617,627,联合出品,71,349
618,628,联合出品,71,153
619,629,联合出品,71,106
620,630,出品/制作,256,33
621,631,联合出品,256,226
622,632,联合出品,256,350
623,633,出品,247,351
624,634,联合出品,247,257
625,635,联合出品,247,352
626,636,出品单位,257,353
627,637,出品/制作,258,212
628,638,出品,102,354
629,639,出品,102,355
630,640,出品,102,106
631,641,联合出品,206,106
632,642,联合出品,206,28
633,643,出品公司,259,356
634,644,出品公司,259,106
635,645,制作公司,259,357
636,646,制作单位,92,60
637,647,出品单位,260,385
638,648,联合出品,178,358
639,649,主办,178,332
640,650,联合制作,178,359
641,651,出品公司,262,16
642,652,出品公司,262,239
643,653,制作公司,262,16
644,654,出品,263,360
645,655,出品,263,361
646,656,出品/制作,264,362
647,657,联合出品,264,363
648,658,联合出品,264,90
649,659,出品,25,364
650,660,出品方,266,365
651,661,出品,77,235
652,662,联合出品,77,106
653,663,联合出品,77,28
654,664,演出团队,267,366
655,665,联合出品,256,367
656,666,联合出品,256,211
657,667,共同制作,9,368
658,668,联合出品,9,28
659,669,创作演出,268,369
660,670,出品制作,270,370
661,671,出品制作,270,371
662,672,总出品,271,372
663,673,出品,271,373
664,674,出品制作,272,326
665,675,创作排演,273,374
666,676,出品制作,274,375
667,677,出品制作,275,376
668,678,出品单位,276,36
669,679,出品单位,276,377
670,680,出品单位,276,28
671,681,联合出品,276,378
672,682,联合出品,276,25
673,684,出品制作,278,286
674,685,出品制作,280,379
675,686,出品方,281,380
676,687,制作出品,279,381
677,688,出品制作,284,382
678,689,出品单位,285,314
679,690,制作单位,285,6
680,691,出品制作,286,383
681,692,出品制作,288,25
682,693,出品制作,289,38
683,694,出品制作,290,384
684,695,出品制作,291,18
685,696,出品单位,260,386
686,697,出品单位,260,387
687,698,出品单位,260,388
688,699,出品单位,293,222
689,700,出品单位,294,389
690,701,制作单位,294,390
691,702,出品,295,391
692,703,联合出品,295,392
693,704,运营,295,393
694,705,联合出品,288,106
695,706,联合出品,288,394
696,707,出品,296,395
697,708,联合出品,296,106
698,709,制作,296,396
699,710,出品制作,297,400
700,711,出品制作,298,114
701,712,出品制作,299,114
702,713,出品制作,300,401
703,714,出品制作,301,402
704,715,联合出品,301,106
705,716,联合出品,260,90
706,717,联合出品,260,403
707,718,联合出品,260,404
708,719,联合出品,260,405
709,720,制作单位,260,385
710,721,制作单位,260,386
711,722,联合出品,127,406
712,723,联合出品,127,59
713,724,联合出品,127,407
714,725,联合制作,127,407
715,726,联合制作,127,408
716,727,联合制作,127,406
717,728,出品单位,171,222
718,729,联合出品,171,410
719,730,出品方,302,411
720,731,联合出品,302,412
721,732,制作方,302,412
722,733,联合制作,302,413
723,734,出品,303,415
724,735,出品,303,416
725,736,联合出品,303,370
726,737,联合出品方&电影授权方,223,355
727,738,联合出品方,223,417
728,739,联合出品方,223,418
729,740,联合出品方,223,419
730,741,联合出品方,223,420
731,742,联合出品方,223,421
732,743,出品,305,133
733,744,出品,306,332
734,745,出品,306,296
735,746,出品,307,422
736,747,出品,307,423
737,748,制作,307,422
738,749,出品制作,309,50
739,750,出品单位,310,424
740,751,出品,311,241
741,752,联合出品,309,227
742,753,联合出品,309,106
743,754,联合出品,309,394
744,755,联合出品,220,425
745,756,出品单位,312,426
746,757,出品单位,312,427
747,758,出品制作,313,428
748,759,联合出品,313,394
749,760,联合出品,313,106
750,761,出品公司,259,357
751,762,总出品/总制作,314,429
752,763,出品制作,315,336
753,764,出品,316,49
754,765,联合出品,316,106
755,766,出品单位,317,30
756,767,出品单位,317,430
757,768,制作单位,317,210
758,769,出品单位,318,260
759,770,出品单位,318,431
760,771,出品/制作方,319,9
761,772,联合出品,319,106
762,773,出品制作,320,12
763,774,联合出品,320,106
764,775,联合出品,320,394
765,776,联合出品,320,242
766,777,出品,321,432
767,778,出品,322,15
768,779,出品,322,18
769,780,出品,322,153
770,781,制作,322,15
771,782,制作,322,433
772,783,出品制作,323,434
773,784,出品,324,435
774,785,出品单位,325,436
775,786,出品单位,325,437
776,787,出品单位,325,220
777,788,出品,326,438
778,789,出品,326,439
779,790,制作,326,440
780,791,出品,328,44
781,792,制作,328,441
782,793,制作,328,442
783,794,制作,328,443
784,795,出品,329,444
785,796,出品制作,330,25
786,797,联合出品,330,106
787,798,联合出品,330,394
788,799,联合出品,330,445
789,800,出品/制作,331,446
790,801,联合出品,331,350
791,802,联合出品,331,447
792,803,出品方,332,324
793,804,演出制作,333,448
794,805,创作演出,334,374
795,806,合作单位,334,449
796,807,出品方,335,450
797,808,出品,336,451
