,pk,fields.name,fields.theatre,fields.seats
0,1,主剧场,1,1949
1,2, ,17,1500
2,3,大剧院,34,1264
3,4, ,65,1505
4,5, ,10,1551
5,6,大剧场,52,1475
6,7, ,60,1200
7,8, ,25,1800
8,9, ,30,1802
9,10, ,41,1447
10,11,大剧场,29,1200
11,12,歌剧厅,35,1775
12,13,歌剧厅,40,1800
13,14, ,22,1492
14,15,大剧场,33,1917
15,16,歌剧厅,19,1200
16,17,歌剧厅,45,1550
17,18,大剧场,3,1600
18,19, ,56,1303
19,20,歌剧厅,27,1618
20,21,大剧场,2,1631
21,22,歌剧厅,12,1500
22,23,歌剧厅,24,1687
23,24,大剧场,67,1407
24,25, ,68,1500
25,26,大剧场,16,1600
26,27, ,43,1397
27,28, ,48,1800
28,29,大剧场,36,1826
29,30, ,69,833
30,31, ,8,1006
31,32, ,4,1507
32,33,中剧场,16,969
33,34, ,9,878
34,35, ,18,1600
35,36, ,70,702
36,37,歌剧厅,71,1200
37,38, ,72,1153
38,39, ,5,797
39,40,歌剧厅,73,1600
40,41, ,39,1800
41,42,歌剧厅,74,1015
42,43, ,32,1028
43,44,大剧场,13,1200
44,45,歌剧厅,55,1525
45,46,大剧场,20,1200
46,47, ,75,1368
47,48, ,76,1226
48,49, ,77,1056
49,50, ,78,160
50,51, ,15,1713
51,52,黑匣子,79,138
52,53, ,80,139
53,54, ,81,576
54,55, ,63,1160
55,56,大剧场,82,1500
56,57, ,83,1524
57,58, ,84,114
58,59, ,85,146
59,60, ,86,140
60,61, ,87,330
61,62, ,88,138
62,63, ,89,113
63,64, ,90,124
64,65, ,91,110
65,66, ,92,109
66,67, ,93,135
67,68, ,94,147
68,69,小剧场,95,107
69,70, ,96,169
70,71, ,97,128
71,72, ,98,116
72,73, ,99,192
73,74, ,100,107
74,75, ,101,110
75,76, ,102,106
76,77, ,103,150
77,78, ,104,0
78,79,大道喜剧院,34,700
79,80,大剧场,57,1122
80,81, ,105,625
81,82,New Box 小剧场,2,220
82,83, ,106,0
83,84,中剧场,2,575
84,85,主剧场,107,1020
85,86,户外舞台,1,0
86,87, ,108,450
87,88, ,109,1460
88,89,歌剧厅,110,1442
89,90, ,111,1500
90,91, ,47,1060
91,92, ,112,1115
92,93, ,113,993
93,94, ,114,1155
94,95, ,115,139
95,96, ,116,154
96,97,歌剧厅,21,1767
97,98,歌剧厅,26,1600
98,99,歌剧厅,54,1532
99,100,歌剧厅,28,1600
100,101,歌剧厅,31,1515
101,102, ,61,1300
102,103, ,38,1041
103,104, ,37,1408
104,105, ,117,1038
105,106, ,14,971
106,107, ,118,1000
107,108, ,119,426
108,109, ,120,600
109,110, ,121,1010
110,111,小剧场,122,345
111,112, ,123,1520
112,113,歌剧厅,50,1600
113,114, ,124,1500
114,115, ,62,1552
115,116, ,125,1221
116,117, ,126,1200
117,118,大剧场,42,1628
118,119, ,51,1370
119,120,大剧场,127,1519
120,121, ,128,1093
121,122, ,129,1200
122,123, ,58,1400
123,124, ,130,1500
124,125, ,131,1203
125,126, ,132,1149
126,127, ,133,1200
127,128, ,134,1400
128,129, ,135,200
129,130, ,59,1125
130,131, ,6,1200
131,132, ,136,300
132,133,大剧场,137,1601
133,134, ,138,1200
134,135,大剧场,139,1000
135,136,大剧场,140,912
136,137, ,141,1062
137,138, ,142,1200
138,139, ,143,1349
139,140,大剧场,144,1508
140,141, ,145,1352
141,142, ,146,1100
142,143,大剧场,11,1500
143,144,大剧场,147,1442
144,145, ,148,728
145,146, ,149,618
146,147,小剧场,3,400
147,148,小剧场,16,432
148,149, ,150,211
149,150, ,151,699
150,151,歌剧厅,152,1600
151,152,D6空间,153,255
152,153, ,154,1305
153,154, ,155,258
154,155, ,156,0
155,156, ,157,1143
156,157,小剧场,57,294
157,158, ,158,1008
158,159, ,159,268
159,160, ,44,1600
160,161, ,160,600
161,162, ,161,422
162,163, ,162,300
163,164, ,95,1456
164,165, ,46,1164
165,166, ,163,147
166,167, ,66,1153
167,168, ,53,1511
168,169, ,7,1038
169,170, ,49,1517
170,171, ,164,144
171,172, ,165,200
172,173, ,166,220
173,174, ,167,728
174,175, ,168,1155
175,176,多功能厅,12,598
176,177, ,64,1632
177,178, ,169,1073
178,179, ,170,777
179,180, ,171,823
180,181, ,172,700
181,182, ,173,146
182,183, ,174,0
183,184,戏剧厅,175,1014
184,185, ,176,126
185,186, ,177,85
186,187, ,178,819
187,188,大剧场,179,1055
188,189, ,180,158
189,190, ,181,1338
190,191, ,182,600
191,192,大剧场,183,1366
192,193,大剧场,184,778
193,194, ,185,751
194,195, ,186,540
195,196,中剧场,36,938
196,197,大剧场,187,1001
197,198, ,188,100
198,199, ,189,120
199,200, ,190,125
200,201, ,191,146
201,202, ,192,673
202,203, ,193,790
203,204, ,194,586
204,205,380匣子,184,261
205,206, ,195,1200
206,207, ,196,1800
207,208, ,197,54
208,209,歌剧厅,198,1800
209,210, ,199,1031
210,211, ,200,112
211,212, ,201,818
212,213,大剧场,202,1199
213,214,歌剧厅,203,1600
214,215, ,204,0
215,216,歌剧厅,175,2037
216,217,歌剧厅,205,1299
217,218, ,206,140
218,219, ,207,184
219,220,戏剧厅,198,955
220,221, ,208,492
221,222, ,209,1180
222,223, ,210,0
223,224, ,211,1169
224,225, ,212,1120
225,226,大剧院,213,1325
226,227, ,214,1100
227,228, ,215,562
228,229, ,216,830
229,230, ,217,1631
230,231,竹丝岗小剧场,218,167
231,232, ,219,585
232,233, ,220,350
233,234, ,221,1200
234,235, ,222,642
235,236,大剧场,223,1282
236,237, ,224,1182
237,238,实验剧场,24,350
238,239, ,225,872
239,240, ,226,405
240,241, ,227,202
241,242, ,228,1164
242,243, ,229,1200
243,244, ,230,169
244,245, ,231,3636
245,246, ,232,1500
246,247,歌剧院,233,1359
247,248,发布厅,234,220
248,249, ,235,1400
249,250,大剧场,236,1408
250,251, ,237,1037
251,252, ,238,1048
252,253, ,239,1263
253,254,大剧场,240,1000
254,255,综艺大厅,241,1256
255,256,多功能厅,67,200
256,257, ,242,129
257,258, ,243,835
258,259,艺术剧院,153,530
259,260, ,244,0
260,261,切CHE·行动剧场,245,514
261,262, ,246,1592
262,263, ,247,500
263,264, ,248,550
264,265,大剧场,249,980
265,266, ,250,1200
266,267, ,251,153
267,268, ,252,1177
268,269, ,253,1259
269,270, ,254,1320
270,271, ,255,1523
271,272, ,256,288
272,273, ,257,1000
273,274,大剧场,258,1400
274,275, ,259,2800
275,276, ,260,111
276,277, ,261,1574
277,278, ,262,1550
278,279, ,263,1169
279,280, ,264,118
280,281,大剧场,265,1406
281,282, ,266,191
282,283, ,267,1074
283,284,大剧场,268,855
284,285, ,269,925
285,286, ,270,718
286,287, ,271,292
287,288, ,272,114
288,289,戏剧沙龙,153,288
289,290, ,273,1600
290,291, ,274,1300
291,292, ,275,1000
292,293, ,276,0
293,294, ,277,800
294,295, ,278,703
295,296, ,279,362
296,297, ,280,119
297,298, ,281,1208
298,299,520空间,282,100
299,300, ,283,119
300,301,歌舞剧场,284,1700
301,302, ,285,996
302,303, ,286,156
303,304,综艺厅,175,2540
304,305, ,287,100
305,306, ,288,1261
306,307, ,289,927
307,308, ,290,1600
308,309, ,291,1200
309,310, ,292,215
310,311, ,294,115
311,312,大剧场,293,1408
312,313, ,295,0
313,314, ,296,1802
314,315,大剧场,297,1500
315,316, ,298,1215
316,317, ,299,1060
317,318,戏剧厅,54,599
318,319, ,300,111
319,320, ,301,965
320,321, ,302,146
321,322, ,303,0
322,323,大剧场,304,1200
323,324, ,305,151
324,325, ,306,1186
325,326, ,307,395
326,327, ,308,1206
327,328, ,309,1194
328,329, ,23,1161
329,330, ,310,399
330,331, ,311,197
331,332, ,312,1224
332,333, ,313,1715
333,334, ,314,178
334,335, ,315,205
335,336,主会场,316,1190
336,337, ,317,197
337,338, ,318,1216
338,339,多功能剧场,29,1400
339,340, ,319,117
340,341, ,320,100
341,342, ,321,177
342,343,大剧场,322,800
343,344, ,323,164
344,345,图书厅,135,161
345,346, ,324,86
346,347, ,325,0
347,348, ,326,923
348,349, ,327,940
349,350, ,328,615
350,351, ,329,454
351,352,戏剧场,330,1000
352,353, ,331,1462
353,354, ,332,2763
354,355, ,333,262
355,356, ,334,136
356,357, ,335,100
357,358, ,336,1282
358,359, ,337,736
359,360, ,338,145
360,361, ,339,1230
