,pk,fields.name,fields.city
0,1,上海文化广场,1
1,2,上海大剧院,1
2,3,上海保利大剧院,1
3,4,云峰剧院,1
4,5,上海共舞台,1
5,6,保利云间剧院,1
6,7,FANCL艺术中心艺海剧院,1
7,8,人民大舞台,1
8,9,中国大戏院,1
9,10,深圳保利剧院,2
10,11,光明文化艺术中心 演艺中心,2
11,12,深圳滨海艺术中心,2
12,13,坪山大剧院,2
13,14,龙岗文化中心大剧院,2
14,15,世纪剧院,3
15,16,天桥艺术中心,3
16,17,北京保利剧院,3
17,18,杭州大剧院(歌剧院),4
18,19,运河大剧院,4
19,20,临平大剧院,4
20,21,陕西大剧院,5
21,22,西安浐灞保利大剧院,5
22,23,西演SPACE·易俗大剧院,5
23,24,广州大剧院,6
24,25,梅溪湖国际文化艺术中心大剧院,7
25,26,天津大剧院,8
26,27,无锡大剧院,9
27,28,城市音乐厅,10
28,29,成都高新中演大剧院,10
29,30,琴台大剧院,11
30,31,合肥大剧院,12
31,32,肥东大剧院,12
32,33,南京保利大剧院,13
33,34,苏州文化艺术中心,14
34,35,山东省会大剧院,15
35,36,重庆大剧院,16
36,37,施光南大剧院,16
37,38,青岛凤凰之声大剧院(西海岸新区),17
38,39,河南艺术中心,18
39,40,盛京大剧院,19
40,41,嘉庚剧院,20
41,42,山西大剧院,21
42,43,海口湾演艺中心,22
43,44,福州海峡文化艺术中心-歌剧厅,23
44,45,珠海大剧院,24
45,46,珠海华发中演大剧院,24
46,47,红谷滩大剧场,25
47,48,广西文化艺术中心,26
48,49,南宁剧场,26
49,50,哈尔滨大剧院,27
50,51,内蒙古乌兰恰特,28
51,52,云南省大剧院,29
52,53,宁波文化广场大剧院,30
53,54,南通大剧院,31
54,55,温州大剧院,32
55,56,佛山琼花大剧院,33
56,57,佛山大剧院,33
57,58,昆山文化艺术中心,14
58,59,济宁大剧院,35
59,60,陶溪川大剧院,36
60,61,临沂大剧院,37
61,62,潍坊大剧院,38
62,63,常熟大剧院,39
63,64,宜春文化艺术中心大剧院,40
64,65,东莞玉兰大剧院,41
65,66,马鞍山大剧院,42
66,67,闽南大戏院,20
67,68,杭州金沙湖大剧院,4
68,69,京演·民族文化宫大剧院,3
69,70,兰心大戏院,1
70,71,上音歌剧院,1
71,72,福州大学城文化艺术中心,23
72,73,苏州湾大剧院,14
73,74,东方艺术中心,1
74,75,宿豫大剧院,44
75,76,淮安大剧院,45
76,77,中央歌剧院剧场,3
77,78,星空间1023号·涵金小剧场,1
78,79,长江剧场,1
79,80,星空间6号·一台好戏小剧场,1
80,81,长沙·方寸剧场,7
81,82,衢州保利大剧院,46
82,83,广东省友谊剧院,6
83,84,星空间1号·一台好戏小剧场,1
84,85,阿波罗尼亚·广州馆,6
85,86,西部文化产业中心·一台好戏小剧场,10
86,87,A33剧场,3
87,88,星空间1277号 果俗剧场,1
88,89,星空间815号·缪时客小剧场,1
89,90,星空间115号·缪时客小剧场,1
90,91,星空间4号·缪时客小剧场,1
91,92,星空间2号·好好有戏剧场,1
92,93,星空间9号·鲸剧场,1
93,94,西部文化产业中心·鲸剧场,10
94,95,武汉剧院,11
95,96,星空间77号·鲸剧场,1
96,97,时间剧场TIME THEATRE,3
97,98,星空间17号·NFP小剧场,1
98,99,嘿！亚利桑那,1
99,100,ARK LIVE HOUSE,1
100,101,星空间622号·BDWAY小剧场,1
101,102,off stage live,10
102,103,星空间8号·一台好戏方寸剧场,1
103,104,隐庐剧场,47
104,105,万象天地剧场,2
105,106,上海老卵俱乐部,1
106,107,YOUNG剧场,1
107,108,杭州西戏·XIXI LIVE,4
108,109,海南东方大剧院,48
109,110,泉州大剧院,49
110,111,平潭国际演艺中心,23
111,112,大宁剧院,1
112,113,顺义大剧院,3
113,114,慈溪大剧院,30
114,115,星空间11号·MOriginal Box,1
115,116,香水之谜剧场,13
116,117,涪陵大剧院,16
117,118,西安广电大剧院,5
118,119,熊猫剧院,10
119,120,南京市青少年宫 青春剧场,13
120,121,西安人民剧院,5
121,122,黄浦剧场,1
122,123,关汉卿大剧院,43
123,124,唐山大剧院,51
124,125,烟台大剧院,52
125,126,连云港大剧院,53
126,127,菏泽大剧院,54
127,128,海门大剧院,31
128,129,张家港保利大剧院,14
129,130,常州大剧院,34
130,131,宜兴保利大剧院,9
131,132,泰州大剧院,55
132,133,启东保利大剧院,31
133,134,赣州大剧院,56
134,135,小柯剧场,3
135,136,西区剧场,3
136,137,四川大剧院,10
137,138,二七剧场,3
138,139,天然舞台,30
139,140,天津光华剧院,8
140,141,盐城市文化艺术中心大剧院,50
141,142,南通更俗剧院,31
142,143,绍兴大剧院,57
143,144,宁波大剧院,30
144,145,福建大剧院,23
145,146,滨州大剧院,58
146,147,阜阳大剧院,59
147,148,浦东大戏院,1
148,149,茉莉花剧场,1
149,150,盐城电影院·1956星剧场,50
150,151,上剧场,1
151,152,青岛大剧院,17
152,153,上海话剧艺术中心,1
153,154,丽水大剧院,60
154,155,张江戏剧谷,1
155,156,SECOND开心麻花沉浸式戏剧酒吧,3
156,157,青岛城阳开心麻花大剧院,17
157,158,昌南文化中心5号馆,25
158,159,银兴菲林影城·1号厅,13
159,160,福田文体中心·戏剧主题馆星空剧场,2
160,161,杭州蜂巢剧场(杭杂小剧场),4
161,162,蜂巢剧场,3
162,163,星空间19号,1
163,164,猕猴桃剧场,3
164,165,开心麻花A66剧场,3
165,166,开心麻花磁剧场,3
166,167,民园剧场,8
167,168,广东艺术剧院,6
168,169,泰山大剧院,61
169,170,新疆艺术剧院木卡姆艺术团剧场,62
170,171,临港演艺中心,1
171,172,中央戏剧学院实验剧场,3
172,173,阿波罗尼亚·长沙馆,7
173,174,温州米葆演艺新空间,32
174,175,江苏大剧院,13
175,176,星空间407号·她剧场,1
176,177,星空间101号·缪时客小剧场,1
177,178,义乌文化广场剧院,63
178,179,苏州保利大剧院,14
179,180,星空间81号·白剧场,1
180,181,郑州艺术宫,18
181,182,开心麻花·环球汇剧场,10
182,183,湖北剧院,11
183,184,深圳开心麻花红山剧场,2
184,185,开心麻花剧场-上海南翔印象城店,1
185,186,杭州开心麻花剧场,4
186,187,苏州聚橙尹山湖大剧院,14
187,188,1912戏精小剧场,13
188,189,花乐逗新街口店9馆,13
189,190,星空间99号·Salute小剧场,1
190,191,星空间66号·Salute小剧场,1
191,192,浦口区融媒体中心剧场,13
192,193,广州南方剧院,6
193,194,正佳大剧院,6
194,195,兰陵县大剧院,37
195,196,日照文博中心南区大礼堂（原会展中心）,64
196,197,上海犹太难民纪念馆摩西会堂,1
197,198,丝绸之路国际艺术交流中心,65
198,199,天津滨海演艺中心,8
199,200,星空间15号·睿鱼剧场,1
200,201,天津滨湖剧院,8
201,202,深圳大剧院,2
202,203,扬州运河大剧院,66
203,204,追花城市音乐现场,10
204,205,淄博大剧院,67
205,206,星空间33号 鲸·剧场,1
206,207,成都开心麻花9剧场,10
207,208,南京星空剧场,13
208,209,丝路欢乐世界·琴音剧场,5
209,210,金鸣歌厅,6
210,211,辽阳大剧院,68
211,212,樵山文化中心剧院,33
212,213,南山文体中心剧院,2
213,214,江门演艺中心·侨都大剧院,69
214,215,深圳市文化馆影剧场,2
215,216,东莞市文化馆星剧场,41
216,217,安徽大剧院,12
217,218,广东省话剧院,6
218,219,深圳戏院,2
219,220,少城·一台好戏方寸剧场,10
220,221,厦门艺术剧院,20
221,222,白玉兰剧场,1
222,223,辽宁大剧院,19
223,224,鲅鱼圈大剧院,70
224,225,龙华文化艺术中心影剧院,2
225,226,广东歌舞剧院小剧场,6
226,227,77文创园剧场-77剧场,3
227,228,江苏荔枝大剧院,13
228,229,温州高新文化广场 大剧院,32
229,230,WWAC北外滩奇观剧场,1
230,231,聊城水城明珠大剧院,71
231,232,江西艺术中心大剧院,25
232,233,惠州文化艺术中心,72
233,234,中国华润大厦艺术中心,2
234,235,淄博剧院,67
235,236,鄂尔多斯大剧院,73
236,237,上海城市剧院,1
237,238,杭州东坡大剧院,4
238,239,大连开发区大剧院,74
239,240,华夏艺术中心,2
240,241,普洱大剧院,75
241,242,武演新空间（梦时代馆）,11
242,243,浙话艺术剧院,4
243,244,聊斋园•聊斋大舞台 演艺广场,67
244,245,北京9剧场,3
245,246,大连大剧院,74
246,247,厦门闽南戏曲艺术中心,20
247,248,厦门小白鹭艺术中心金荣剧场,20
248,249,昆明剧院,29
249,250,浙江音乐学院大剧院,4
250,251,时光剧场,1
251,252,石家庄大剧院,76
252,253,晋城大剧院,77
253,254,舟山普陀大剧院,78
254,255,安康汉江大剧院,79
255,256,上海戏剧学院-端钧剧场,1
256,257,虹桥艺术中心,1
257,258,柳州文化艺术中心,80
258,259,河北省艺术中心,76
259,260,星空间28号·好好有戏小剧场,1
260,261,石家庄人民会堂,76
261,262,邯郸大剧院,81
262,263,东乡大剧院,82
263,264,星空间12号·耶比剧场,1
264,265,嘉兴大剧院,83
265,266,长宁来福士The Bell 钟楼演艺新空间,1
266,267,太仓大剧院,14
267,268,凤凰谷大剧院,34
268,269,包河凤凰剧院,12
269,270,北京路大剧院,84
270,271,三街两巷人民剧院,26
271,272,亚洲大厦·星空间黑匣子,1
272,273,杭州剧院,4
273,274,朝阳剧场,3
274,275,四川歌舞大剧院,10
275,276,开心麻花U剧场,1
276,277,全国地方戏演出中心,3
277,278,广东粤剧艺术中心,6
278,279,滴水湖剧院,1
279,280,星空间3号·MOriginal Box,1
280,281,珠海金湾艺术中心·大剧院(A馆),24
281,282,武汉歌舞剧院,11
282,283,星空间111号·墨剧场,1
283,284,郑州大剧院,18
284,285,太原青年宫演艺中心,21
285,286,布洛幕小剧场,13
286,287,星空间138号小宇宙剧场,1
287,288,美琪大戏院,1
288,289,江苏紫金大剧院,13
289,290,乌鲁木齐文化中心大剧院,62
290,291,西施大剧院,57
291,292,三里屯·爱乐汇艺术空间-时空剧场,3
292,293,宁夏人民剧院,85
293,294,河北省艺术中心造艺空间小剧场,76
294,295,五角场合生汇B2城市集市·L空间,1
295,296,海南国际会展中心东方环球大剧院,22
296,297,甘肃大剧院,86
297,298,天桥剧场,3
298,299,银川剧院,85
299,300,星空间74号·缪时客小剧场,1
300,301,大连人民文化俱乐部-大剧场,74
301,302,深圳知汇剧场,2
302,303,马场,47
303,304,开元大剧院,5
304,305,温州又戏又乐戏剧工厂,32
305,306,北京喜剧院,3
306,307,星空间·星空穹顶剧场,1
307,308,敦煌大剧院,87
308,309,兰州音乐厅,86
309,310,合肥开心麻花 花花世界剧场(车桥新界店),12
310,311,优剧场 YO!THEATER,13
311,312,永州国际文化艺术中心,88
312,313,北外滩友邦大剧院,1
313,314,星空间18号·谜剧场,1
314,315,Lilime泠空间剧场,25
315,316,长春国际会议中心,89
316,317,星空间8808号·涵金剧场,1
317,318,聂耳大剧院,90
318,319,星空间5088号·还差九十九年百年老剧场,1
319,320,星空间8008号星球剧场,1
320,321,星图剧场,1
321,322,武汉人艺中南剧场,11
322,323,开心麻花·钻石酒馆,10
323,324,蓬蒿剧场,3
324,325,剧魅空间命运之上剧场,13
325,326,杭州演艺·红星剧院,4
326,327,乐清大剧院,32
327,328,大同平城剧院,91
328,329,通州区电影院,3
329,330,北京艺术中心,3
330,331,湖南大剧院,7
331,332,北京展览馆剧场,3
332,333,鼓楼西剧场,3
333,334,星空间20号·MOriginal Box,1
334,335,开心麻花方橙市,13
335,336,东区超级音乐现场,10
336,337,常州工人文化宫剧场,34
337,338,Fun剧场,1
338,339,海南省歌舞剧院,22
